141	0	EFE19950910-05856	1
141	0	EFE19950615-09759	1
141	0	EFE19950614-08956	1
141	0	EFE19950614-08874	1
141	0	EFE19950613-08600	1
141	0	EFE19950613-08560	1
141	0	EFE19950612-07359	1
141	0	EFE19950610-06460	1
141	0	EFE19950610-06424	1
141	0	EFE19950610-06397	1
141	0	EFE19950609-06103	1
141	0	EFE19950609-05962	1
141	0	EFE19950609-05926	1
142	0	EFE19951021-14025	1
142	0	EFE19951013-08185	1
142	0	EFE19950815-07873	1
142	0	EFE19950801-00273	1
142	0	EFE19950721-13580	1
142	0	EFE19950711-06216	1
142	0	EFE19950709-05159	1
142	0	EFE19950708-04853	1
142	0	EFE19950707-03930	1
142	0	EFE19950705-02705	1
142	0	EFE19950705-02559	1
142	0	EFE19950702-00618	1
142	0	EFE19950628-18790	1
142	0	EFE19950624-16059	1
142	0	EFE19950623-15987	1
142	0	EFE19950623-15711	1
142	0	EFE19950623-15597	1
142	0	EFE19950617-11375	1
142	0	EFE19950615-09925	1
142	0	EFE19950527-18020	1
142	0	EFE19950524-15903	1
142	0	EFE19950126-14824	1
142	0	EFE19941129-18105	1
142	0	EFE19941129-18056	1
142	0	EFE19940923-12919	1
142	0	EFE19940317-10869	1
142	0	EFE19940315-09736	1
142	0	EFE19940225-14790	1
143	0	EFE19951215-09300	1
143	0	EFE19951205-02951	1
143	0	EFE19951205-02882	1
143	0	EFE19950925-16114	1
143	0	EFE19950919-12419	1
143	0	EFE19950916-10127	1
143	0	EFE19950915-09778	1
143	0	EFE19950915-09602	1
143	0	EFE19950915-09487	1
143	0	EFE19950915-09471	1
143	0	EFE19950915-09409	1
143	0	EFE19950915-09389	1
143	0	EFE19950915-09376	1
143	0	EFE19950915-09337	1
143	0	EFE19950915-09334	1
143	0	EFE19950914-09102	1
143	0	EFE19950914-09085	1
143	0	EFE19950914-08998	1
143	0	EFE19950914-08770	1
143	0	EFE19950914-08636	1
143	0	EFE19950914-08600	1
143	0	EFE19950914-08577	1
143	0	EFE19950914-08491	1
143	0	EFE19950913-08090	1
143	0	EFE19950913-07979	1
143	0	EFE19950913-07864	1
143	0	EFE19950913-07762	1
143	0	EFE19950913-07706	1
143	0	EFE19950913-07700	1
143	0	EFE19950912-07231	1
143	0	EFE19950912-07223	1
143	0	EFE19950912-07179	1
143	0	EFE19950912-07169	1
143	0	EFE19950912-07131	1
143	0	EFE19950912-07130	1
143	0	EFE19950912-07112	1
143	0	EFE19950912-07097	1
143	0	EFE19950912-07021	1
143	0	EFE19950912-06951	1
143	0	EFE19950911-06595	1
143	0	EFE19950911-06578	1
143	0	EFE19950911-06499	1
143	0	EFE19950911-06432	1
143	0	EFE19950910-05922	1
143	0	EFE19950910-05918	1
143	0	EFE19950910-05889	1
143	0	EFE19950909-05626	1
143	0	EFE19950909-05438	1
143	0	EFE19950908-05077	1
143	0	EFE19950908-04982	1
143	0	EFE19950908-04873	1
143	0	EFE19950908-04831	1
143	0	EFE19950908-04769	1
143	0	EFE19950908-04760	1
143	0	EFE19950908-04703	1
143	0	EFE19950908-04683	1
143	0	EFE19950907-04243	1
143	0	EFE19950907-04066	1
143	0	EFE19950907-03966	1
143	0	EFE19950906-03414	1
143	0	EFE19950906-03405	1
143	0	EFE19950906-03276	1
143	0	EFE19950906-03222	1
143	0	EFE19950906-03161	1
143	0	EFE19950906-03157	1
143	0	EFE19950906-03116	1
143	0	EFE19950906-03104	1
143	0	EFE19950906-03090	1
143	0	EFE19950905-02585	1
143	0	EFE19950905-02554	1
143	0	EFE19950905-02396	1
143	0	EFE19950905-02353	1
143	0	EFE19950905-02336	1
143	0	EFE19950905-02327	1
143	0	EFE19950905-02297	1
143	0	EFE19950904-01891	1
143	0	EFE19950904-01838	1
143	0	EFE19950904-01830	1
143	0	EFE19950904-01786	1
143	0	EFE19950904-01774	1
143	0	EFE19950904-01729	1
143	0	EFE19950904-01702	1
143	0	EFE19950904-01643	1
143	0	EFE19950903-01488	1
143	0	EFE19950903-01434	1
143	0	EFE19950903-01208	1
143	0	EFE19950902-01069	1
143	0	EFE19950902-00865	1
143	0	EFE19950902-00829	1
143	0	EFE19950902-00771	1
143	0	EFE19950830-16526	1
143	0	EFE19950830-16525	1
143	0	EFE19950830-16501	1
143	0	EFE19950830-16421	1
143	0	EFE19950829-16099	1
143	0	EFE19950828-15386	1
143	0	EFE19950828-15152	1
143	0	EFE19950828-15113	1
143	0	EFE19950828-15100	1
143	0	EFE19950828-15076	1
143	0	EFE19950827-14962	1
143	0	EFE19950826-14524	1
143	0	EFE19950826-14234	1
143	0	EFE19950826-14210	1
143	0	EFE19950825-14122	1
143	0	EFE19950825-13922	1
143	0	EFE19950825-13853	1
143	0	EFE19950825-13809	1
143	0	EFE19950825-13727	1
143	0	EFE19950825-13628	1
143	0	EFE19950825-13587	1
143	0	EFE19950823-12870	1
143	0	EFE19950823-12554	1
143	0	EFE19950822-12174	1
143	0	EFE19950822-11817	1
143	0	EFE19950819-10374	1
143	0	EFE19950806-03133	1
143	0	EFE19950728-17686	1
143	0	EFE19950727-17475	1
143	0	EFE19950725-15828	1
143	0	EFE19950725-15794	1
143	0	EFE19950723-14569	1
143	0	EFE19950713-08499	1
143	0	EFE19950710-05651	1
143	0	EFE19950705-02715	1
143	0	EFE19950620-13045	1
143	0	EFE19950620-12956	1
143	0	EFE19950609-05717	1
143	0	EFE19950607-03935	1
143	0	EFE19950601-00788	1
143	0	EFE19950531-21417	1
143	0	EFE19950531-20710	1
143	0	EFE19950525-17000	1
143	0	EFE19950525-16690	1
143	0	EFE19950525-16513	1
143	0	EFE19950425-14377	1
143	0	EFE19950418-09756	1
143	0	EFE19950408-05073	1
143	0	EFE19950407-04662	1
143	0	EFE19950405-02488	1
143	0	EFE19950403-01628	1
143	0	EFE19950321-15121	1
143	0	EFE19950317-12190	1
143	0	EFE19950308-04976	1
144	0	EFE19951213-07717	1
144	0	EFE19951122-15026	1
144	0	EFE19951018-12036	1
144	0	EFE19951010-06448	1
144	0	EFE19951002-00752	1
144	0	EFE19950823-12609	1
144	0	EFE19950801-00277	1
144	0	EFE19950629-20073	1
144	0	EFE19950616-10873	1
144	0	EFE19950602-01327	1
144	0	EFE19950523-15513	1
144	0	EFE19950424-13644	1
144	0	EFE19950401-00303	1
144	0	EFE19950309-05837	1
144	0	EFE19950124-13614	1
144	0	EFE19950121-11680	1
144	0	EFE19950120-11350	1
144	0	EFE19940830-14953	1
144	0	EFE19940614-08734	1
144	0	EFE19940505-03191	1
144	0	EFE19940422-12686	1
144	0	EFE19940204-02294	1
145	0	EFE19951117-11573	1
145	0	EFE19951117-11491	1
145	0	EFE19951109-05529	1
145	0	EFE19951011-06779	1
145	0	EFE19950916-10135	1
145	0	EFE19950727-17092	1
145	0	EFE19950725-15558	1
145	0	EFE19950706-03007	1
145	0	EFE19950526-17371	1
145	0	EFE19950424-13706	1
145	0	EFE19941227-14285	1
145	0	EFE19941208-04098	1
145	0	EFE19941204-01905	1
145	0	EFE19941202-00909	1
145	0	EFE19941202-00854	1
145	0	EFE19941201-00052	1
145	0	EFE19941129-18350	1
145	0	EFE19941119-11742	1
145	0	EFE19941117-09958	1
145	0	EFE19941111-06265	1
145	0	EFE19941108-04299	1
145	0	EFE19941024-13773	1
145	0	EFE19940630-18722	1
145	0	EFE19940521-12529	1
145	0	EFE19940428-16361	1
145	0	EFE19940425-14261	1
145	0	EFE19940421-12059	1
145	0	EFE19940421-11999	1
145	0	EFE19940331-19842	1
145	0	EFE19940327-17264	1
145	0	EFE19940325-16108	1
145	0	EFE19940322-14353	1
145	0	EFE19940321-12956	1
145	0	EFE19940318-11436	1
145	0	EFE19940315-09509	1
145	0	EFE19940315-09328	1
145	0	EFE19940315-09290	1
145	0	EFE19940309-05628	1
145	0	EFE19940305-03276	1
145	0	EFE19940222-12530	1
145	0	EFE19940221-11870	1
145	0	EFE19940219-11066	1
145	0	EFE19940214-07878	1
145	0	EFE19940210-05675	1
145	0	EFE19940204-02112	1
145	0	EFE19940131-16155	1
145	0	EFE19940107-02525	1
146	0	EFE19950818-09884	1
146	0	EFE19950529-19335	1
147	0	EFE19950819-10287	1
147	0	EFE19950612-07674	1
147	0	EFE19950220-12416	1
147	0	EFE19950110-04252	1
147	0	EFE19940604-02250	1
147	0	EFE19940510-05726	1
147	0	EFE19940226-15666	1
147	0	EFE19940110-03843	1
147	0	EFE19940110-03816	1
148	0	EFE19951019-12791	1
148	0	EFE19950914-09041	1
148	0	EFE19950215-09511	1
148	0	EFE19950215-09483	1
148	0	EFE19950215-09468	1
148	0	EFE19941004-01784	1
148	0	EFE19940906-02956	1
148	0	EFE19940225-14995	1
148	0	EFE19940225-14946	1
148	0	EFE19940225-14832	1
148	0	EFE19940103-00627	1
149	0	EFE19950208-04842	1
149	0	EFE19950201-00084	1
149	0	EFE19950122-12011	1
149	0	EFE19950121-11641	1
149	0	EFE19950121-11610	1
149	0	EFE19950120-11398	1
149	0	EFE19950120-11045	1
149	0	EFE19950119-10214	1
149	0	EFE19950112-05669	1
149	0	EFE19950111-05409	1
149	0	EFE19950111-05155	1
149	0	EFE19950111-04896	1
149	0	EFE19941021-12299	1
150	0	EFE19951229-16576	1
150	0	EFE19951215-09848	1
150	0	EFE19951116-11171	1
150	0	EFE19951116-10674	1
150	0	EFE19951110-06738	1
150	0	EFE19951110-06703	1
150	0	EFE19951108-05217	1
150	0	EFE19951101-00209	1
150	0	EFE19951012-07998	1
150	0	EFE19951010-05915	1
150	0	EFE19951004-02017	1
150	0	EFE19950919-12211	1
150	0	EFE19950919-12079	1
150	0	EFE19950914-08777	1
150	0	EFE19950829-15680	1
150	0	EFE19950829-15640	1
150	0	EFE19950705-02343	1
150	0	EFE19950705-02281	1
150	0	EFE19950606-03660	1
150	0	EFE19950601-00422	1
150	0	EFE19950601-00346	1
150	0	EFE19950421-12269	1
150	0	EFE19950402-00770	1
150	0	EFE19950330-21537	1
150	0	EFE19950327-19303	1
150	0	EFE19950321-14439	1
150	0	EFE19950221-13341	1
150	0	EFE19950220-12665	1
150	0	EFE19950216-10322	1
150	0	EFE19950208-05128	1
150	0	EFE19950203-01965	1
150	0	EFE19941222-12576	1
150	0	EFE19941221-11976	1
150	0	EFE19941201-00564	1
150	0	EFE19941201-00561	1
150	0	EFE19941128-17153	1
150	0	EFE19940922-12447	1
150	0	EFE19940922-12422	1
150	0	EFE19940921-12078	1
150	0	EFE19940826-13140	1
150	0	EFE19940728-16385	1
150	0	EFE19940715-08943	1
150	0	EFE19940626-16019	1
150	0	EFE19940614-08583	1
150	0	EFE19940527-16448	1
150	0	EFE19940504-02013	1
150	0	EFE19940417-09718	1
150	0	EFE19940415-08900	1
150	0	EFE19940409-04637	1
150	0	EFE19940409-04611	1
150	0	EFE19940408-04000	1
150	0	EFE19940408-03964	1
150	0	EFE19940321-13456	1
150	0	EFE19940121-11007	1
150	0	EFE19940113-06135	1
151	0	EFE19951216-10092	1
151	0	EFE19951109-05518	1
151	0	EFE19951109-05478	1
151	0	EFE19951103-01616	1
151	0	EFE19950720-12930	1
151	0	EFE19950330-21563	1
151	0	EFE19941125-15701	1
151	0	EFE19941124-14706	1
151	0	EFE19940707-04157	1
152	0	EFE19951218-11272	1
152	0	EFE19951211-06106	1
152	0	EFE19951210-05861	1
152	0	EFE19951210-05725	1
152	0	EFE19951127-18720	1
152	0	EFE19951126-18094	1
152	0	EFE19951120-13727	1
152	0	EFE19951120-13308	1
152	0	EFE19951018-12226	1
152	0	EFE19950707-03768	1
152	0	EFE19950608-05040	1
152	0	EFE19950601-00777	1
152	0	EFE19950211-06857	1
152	0	EFE19950201-00153	1
152	0	EFE19950113-06383	1
152	0	EFE19950110-04561	1
152	0	EFE19941209-04980	1
152	0	EFE19941120-11975	1
152	0	EFE19941111-06884	1
152	0	EFE19941104-02355	1
152	0	EFE19941104-02013	1
152	0	EFE19941031-18665	1
152	0	EFE19941021-12752	1
152	0	EFE19941020-12119	1
152	0	EFE19941015-08677	1
152	0	EFE19941014-08193	1
152	0	EFE19941006-03095	1
152	0	EFE19940622-13996	1
152	0	EFE19940620-12422	1
152	0	EFE19940508-04327	1
152	0	EFE19940427-16068	1
152	0	EFE19940426-15078	1
152	0	EFE19940406-02349	1
152	0	EFE19940330-18989	1
152	0	EFE19940325-16151	1
152	0	EFE19940228-16489	1
152	0	EFE19940202-01089	1
152	0	EFE19940123-11471	1
152	0	EFE19940122-11187	1
152	0	EFE19940106-02245	1
153	0	EFE19951216-10269	1
153	0	EFE19951209-05246	1
153	0	EFE19951108-04881	1
153	0	EFE19951108-04700	1
153	0	EFE19951107-04394	1
153	0	EFE19951107-04325	1
153	0	EFE19951106-03746	1
153	0	EFE19951106-03735	1
153	0	EFE19951106-03729	1
153	0	EFE19951106-03724	1
153	0	EFE19951106-03638	1
153	0	EFE19951106-03637	1
153	0	EFE19951106-03579	1
153	0	EFE19950425-14781	1
153	0	EFE19950308-05591	1
153	0	EFE19950117-08828	1
153	0	EFE19941217-09892	1
153	0	EFE19941207-04049	1
153	0	EFE19941207-03927	1
153	0	EFE19941205-02782	1
153	0	EFE19941025-14863	1
153	0	EFE19941018-10237	1
153	0	EFE19940926-14692	1
153	0	EFE19940906-02789	1
153	0	EFE19940830-14770	1
153	0	EFE19940829-14173	1
153	0	EFE19940722-13041	1
153	0	EFE19940722-12986	1
153	0	EFE19940718-10250	1
153	0	EFE19940610-06576	1
153	0	EFE19940602-01495	1
153	0	EFE19940428-17012	1
153	0	EFE19940428-17006	1
153	0	EFE19940424-14023	1
153	0	EFE19940409-04475	1
153	0	EFE19940313-08600	1
153	0	EFE19940313-08210	1
153	0	EFE19940312-07951	1
153	0	EFE19940304-02551	1
153	0	EFE19940227-16206	1
153	0	EFE19940226-15563	1
153	0	EFE19940224-14448	1
153	0	EFE19940221-11998	1
153	0	EFE19940219-11289	1
153	0	EFE19940217-09977	1
153	0	EFE19940217-09943	1
153	0	EFE19940216-09561	1
153	0	EFE19940216-09290	1
153	0	EFE19940216-09281	1
153	0	EFE19940216-09239	1
153	0	EFE19940215-09102	1
153	0	EFE19940215-08762	1
153	0	EFE19940215-08746	1
153	0	EFE19940215-08520	1
153	0	EFE19940214-07922	1
153	0	EFE19940214-07910	1
153	0	EFE19940213-07613	1
153	0	EFE19940212-07270	1
153	0	EFE19940212-07217	1
153	0	EFE19940212-07152	1
153	0	EFE19940211-06826	1
153	0	EFE19940208-04683	1
153	0	EFE19940208-04573	1
153	0	EFE19940207-03769	1
153	0	EFE19940205-03017	1
153	0	EFE19940204-02312	1
153	0	EFE19940204-02308	1
153	0	EFE19940201-00707	1
153	0	EFE19940201-00322	1
153	0	EFE19940131-16574	1
153	0	EFE19940128-15190	1
153	0	EFE19940128-14864	1
153	0	EFE19940128-14827	1
153	0	EFE19940127-14608	1
153	0	EFE19940127-14606	1
153	0	EFE19940127-14179	1
153	0	EFE19940124-12287	1
153	0	EFE19940124-12214	1
153	0	EFE19940121-10856	1
153	0	EFE19940120-09608	1
153	0	EFE19940118-08608	1
153	0	EFE19940117-07994	1
154	0	EFE19951102-00584	1
154	0	EFE19951018-12124	1
154	0	EFE19950706-03285	1
154	0	EFE19950706-03215	1
154	0	EFE19950629-19482	1
154	0	EFE19950619-12649	1
154	0	EFE19941126-16228	1
155	0	EFE19951124-16767	1
155	0	EFE19950828-15155	1
155	0	EFE19950518-12446	1
155	0	EFE19950430-17944	1
155	0	EFE19950428-17188	1
155	0	EFE19950105-01989	1
155	0	EFE19941228-14798	1
156	0	EFE19951204-01983	1
156	0	EFE19951129-20223	1
156	0	EFE19951121-14255	1
156	0	EFE19951116-11034	1
156	0	EFE19951116-10698	1
156	0	EFE19951114-09172	1
156	0	EFE19951109-05840	1
156	0	EFE19951106-03174	1
156	0	EFE19951104-02197	1
156	0	EFE19951024-15775	1
156	0	EFE19951005-03305	1
156	0	EFE19950915-09469	1
156	0	EFE19950630-20764	1
156	0	EFE19950630-20754	1
156	0	EFE19950629-20075	1
156	0	EFE19950621-13833	1
156	0	EFE19950523-15394	1
156	0	EFE19950516-10504	1
156	0	EFE19950512-07822	1
156	0	EFE19950511-07194	1
156	0	EFE19950510-06348	1
156	0	EFE19950510-06237	1
156	0	EFE19950510-06208	1
156	0	EFE19950509-05626	1
156	0	EFE19950504-02203	1
156	0	EFE19950424-13631	1
156	0	EFE19950421-12209	1
156	0	EFE19950414-08034	1
156	0	EFE19950411-06521	1
156	0	EFE19950330-21327	1
156	0	EFE19950130-17680	1
156	0	EFE19941117-10142	1
156	0	EFE19941010-05207	1
156	0	EFE19941007-03792	1
156	0	EFE19940525-14913	1
156	0	EFE19940426-15163	1
156	0	EFE19940227-15947	1
156	0	EFE19940225-14896	1
156	0	EFE19940218-10687	1
156	0	EFE19940124-12078	1
156	0	EFE19940120-09845	1
156	0	EFE19940117-08033	1
157	0	EFE19951205-03051	1
157	0	EFE19951125-17561	1
157	0	EFE19951119-13156	1
157	0	EFE19951118-12607	1
157	0	EFE19951112-07852	1
157	0	EFE19950908-05314	1
157	0	EFE19950908-04673	1
157	0	EFE19950906-03088	1
157	0	EFE19950906-03057	1
157	0	EFE19950903-01565	1
157	0	EFE19950823-12700	1
157	0	EFE19950718-11063	1
157	0	EFE19950713-07945	1
157	0	EFE19950710-05899	1
157	0	EFE19950709-05323	1
157	0	EFE19950709-05296	1
157	0	EFE19950709-05275	1
157	0	EFE19950709-05242	1
157	0	EFE19950709-05231	1
157	0	EFE19950709-05059	1
157	0	EFE19950708-04934	1
157	0	EFE19950708-04876	1
157	0	EFE19950708-04805	1
157	0	EFE19950708-04764	1
157	0	EFE19950708-04614	1
157	0	EFE19950707-03980	1
157	0	EFE19950707-03855	1
157	0	EFE19950707-03838	1
157	0	EFE19950705-02510	1
157	0	EFE19950704-01750	1
157	0	EFE19950702-00474	1
157	0	EFE19950630-20556	1
157	0	EFE19950628-19285	1
157	0	EFE19950627-18232	1
157	0	EFE19950627-18159	1
157	0	EFE19950627-18153	1
157	0	EFE19950626-17469	1
157	0	EFE19950625-16583	1
157	0	EFE19950625-16553	1
157	0	EFE19950625-16548	1
157	0	EFE19950622-15138	1
157	0	EFE19950622-15023	1
157	0	EFE19950612-07828	1
157	0	EFE19950611-06998	1
157	0	EFE19950608-05331	1
157	0	EFE19950528-18635	1
157	0	EFE19950506-03879	1
157	0	EFE19950409-05218	1
157	0	EFE19950203-01740	1
157	0	EFE19950127-15604	1
157	0	EFE19941227-14331	1
157	0	EFE19941220-11351	1
157	0	EFE19941220-11206	1
157	0	EFE19941219-10544	1
157	0	EFE19941208-04512	1
157	0	EFE19941203-01852	1
157	0	EFE19941120-12032	1
157	0	EFE19941117-10465	1
157	0	EFE19941113-07669	1
157	0	EFE19941111-06755	1
157	0	EFE19941025-14827	1
157	0	EFE19941021-12773	1
157	0	EFE19941014-08247	1
157	0	EFE19941011-06006	1
157	0	EFE19941004-02040	1
157	0	EFE19940911-06102	1
157	0	EFE19940911-05781	1
157	0	EFE19940910-05627	1
157	0	EFE19940910-05325	1
157	0	EFE19940904-01970	1
157	0	EFE19940903-01298	1
157	0	EFE19940901-00054	1
157	0	EFE19940829-14584	1
157	0	EFE19940829-14420	1
157	0	EFE19940801-00203	1
157	0	EFE19940731-18085	1
157	0	EFE19940730-17808	1
157	0	EFE19940724-14103	1
157	0	EFE19940723-13820	1
157	0	EFE19940719-11071	1
157	0	EFE19940716-09623	1
157	0	EFE19940716-09622	1
157	0	EFE19940716-09474	1
157	0	EFE19940707-04427	1
157	0	EFE19940707-04310	1
157	0	EFE19940706-03545	1
157	0	EFE19940705-02847	1
157	0	EFE19940705-02543	1
157	0	EFE19940704-01949	1
157	0	EFE19940704-01736	1
157	0	EFE19940704-01654	1
157	0	EFE19940704-01618	1
157	0	EFE19940703-01490	1
157	0	EFE19940703-01429	1
157	0	EFE19940703-01382	1
157	0	EFE19940703-01375	1
157	0	EFE19940703-01348	1
157	0	EFE19940703-01335	1
157	0	EFE19940703-01327	1
157	0	EFE19940703-01241	1
157	0	EFE19940703-01228	1
157	0	EFE19940702-01112	1
157	0	EFE19940702-01104	1
157	0	EFE19940702-01098	1
157	0	EFE19940702-01096	1
157	0	EFE19940702-01076	1
157	0	EFE19940702-01069	1
157	0	EFE19940702-01009	1
157	0	EFE19940702-01002	1
157	0	EFE19940702-00995	1
157	0	EFE19940702-00989	1
157	0	EFE19940702-00971	1
157	0	EFE19940702-00945	1
157	0	EFE19940702-00942	1
157	0	EFE19940701-00376	1
157	0	EFE19940701-00252	1
157	0	EFE19940630-19023	1
157	0	EFE19940630-18576	1
157	0	EFE19940629-18019	1
157	0	EFE19940629-17998	1
157	0	EFE19940629-17851	1
157	0	EFE19940628-17548	1
157	0	EFE19940627-16884	1
157	0	EFE19940627-16396	1
157	0	EFE19940626-16066	1
157	0	EFE19940625-15815	1
157	0	EFE19940624-15035	1
157	0	EFE19940623-14742	1
157	0	EFE19940623-14301	1
157	0	EFE19940622-13584	1
157	0	EFE19940622-13562	1
157	0	EFE19940621-12833	1
157	0	EFE19940619-11719	1
157	0	EFE19940619-11717	1
157	0	EFE19940614-08776	1
157	0	EFE19940604-02330	1
157	0	EFE19940603-01987	1
157	0	EFE19940521-12574	1
157	0	EFE19940129-15424	1
157	0	EFE19940127-14022	1
157	0	EFE19940121-10524	1
157	0	EFE19940116-07503	1
157	0	EFE19940107-02839	1
158	0	EFE19951011-07201	1
158	0	EFE19950329-20679	1
158	0	EFE19950329-20385	1
158	0	EFE19950326-18588	1
158	0	EFE19950228-18210	1
158	0	EFE19950221-13137	1
158	0	EFE19950220-12882	1
158	0	EFE19950220-12784	1
158	0	EFE19950217-11334	1
158	0	EFE19950217-10942	1
158	0	EFE19950217-10829	1
158	0	EFE19950217-10740	1
158	0	EFE19950216-10441	1
158	0	EFE19950216-10379	1
158	0	EFE19950216-10375	1
158	0	EFE19950216-10340	1
158	0	EFE19950216-10339	1
158	0	EFE19950216-10281	1
158	0	EFE19950216-10229	1
158	0	EFE19950216-10138	1
158	0	EFE19950216-10068	1
158	0	EFE19950216-10062	1
158	0	EFE19950216-10056	1
158	0	EFE19950216-10047	1
158	0	EFE19950216-10025	1
158	0	EFE19950216-09968	1
158	0	EFE19950215-09797	1
158	0	EFE19950215-09793	1
158	0	EFE19950215-09775	1
158	0	EFE19950215-09760	1
158	0	EFE19950215-09725	1
159	0	EFE19951013-08289	1
159	0	EFE19950908-05224	1
159	0	EFE19950905-02352	1
159	0	EFE19950803-01626	1
159	0	EFE19950719-11864	1
159	0	EFE19950711-06219	1
159	0	EFE19950630-20577	1
159	0	EFE19950628-18693	1
159	0	EFE19950626-17308	1
159	0	EFE19950623-15569	1
159	0	EFE19950623-15492	1
159	0	EFE19950622-14897	1
159	0	EFE19950622-14651	1
159	0	EFE19950621-14297	1
159	0	EFE19950621-13968	1
159	0	EFE19950621-13945	1
159	0	EFE19950621-13918	1
159	0	EFE19950621-13758	1
159	0	EFE19950621-13757	1
159	0	EFE19950620-13485	1
159	0	EFE19950620-13437	1
159	0	EFE19950620-13258	1
159	0	EFE19950620-13144	1
159	0	EFE19950620-12983	1
159	0	EFE19950620-12957	1
159	0	EFE19950620-12954	1
159	0	EFE19950620-12930	1
159	0	EFE19950620-12928	1
159	0	EFE19950620-12914	1
159	0	EFE19950620-12885	1
159	0	EFE19950619-12511	1
159	0	EFE19950616-10989	1
159	0	EFE19950616-10533	1
159	0	EFE19950615-09764	1
159	0	EFE19950613-08222	1
159	0	EFE19950610-06551	1
159	0	EFE19950608-04930	1
159	0	EFE19950608-04927	1
159	0	EFE19950605-02662	1
159	0	EFE19950529-19498	1
159	0	EFE19950512-07910	1
159	0	EFE19941006-03230	1
159	0	EFE19940226-15638	1
159	0	EFE19940113-05776	1
160	0	EFE19950911-06428	1
160	0	EFE19950703-00897	1
161	0	EFE19951018-12166	1
161	0	EFE19951010-06115	1
161	0	EFE19950401-00196	1
161	0	EFE19950331-21825	1
161	0	EFE19950330-21584	1
162	0	EFE19951225-14856	1
162	0	EFE19951216-10189	1
162	0	EFE19951213-08032	1
162	0	EFE19951213-07977	1
162	0	EFE19951213-07853	1
162	0	EFE19951213-07768	1
162	0	EFE19951213-07741	1
162	0	EFE19951213-07652	1
162	0	EFE19951213-07649	1
162	0	EFE19951213-07625	1
162	0	EFE19951212-06774	1
162	0	EFE19951211-06034	1
162	0	EFE19951211-06013	1
162	0	EFE19951210-05552	1
162	0	EFE19951205-02867	1
162	0	EFE19951126-17950	1
162	0	EFE19951122-15352	1
162	0	EFE19951116-10934	1
162	0	EFE19951115-10211	1
162	0	EFE19951115-10099	1
162	0	EFE19951115-10062	1
162	0	EFE19951113-07955	1
162	0	EFE19951030-19918	1
162	0	EFE19951017-11354	1
162	0	EFE19951010-06386	1
162	0	EFE19951006-03577	1
162	0	EFE19950928-18754	1
162	0	EFE19950925-16659	1
162	0	EFE19950922-14299	1
162	0	EFE19950920-12912	1
162	0	EFE19950909-05700	1
162	0	EFE19950729-18339	1
162	0	EFE19950719-11758	1
162	0	EFE19950717-10679	1
162	0	EFE19950712-06935	1
162	0	EFE19950709-05233	1
162	0	EFE19950706-03397	1
162	0	EFE19950706-03315	1
162	0	EFE19950705-02826	1
162	0	EFE19950705-02240	1
162	0	EFE19950704-01667	1
162	0	EFE19950629-19895	1
162	0	EFE19950629-19731	1
162	0	EFE19950627-18034	1
162	0	EFE19950620-13461	1
162	0	EFE19950620-13179	1
162	0	EFE19950609-05841	1
162	0	EFE19950516-10237	1
162	0	EFE19950509-05574	1
162	0	EFE19950426-15442	1
162	0	EFE19950424-14083	1
162	0	EFE19950414-08297	1
162	0	EFE19950414-08171	1
162	0	EFE19950411-06371	1
162	0	EFE19950406-03338	1
162	0	EFE19950401-00132	1
162	0	EFE19950327-18945	1
162	0	EFE19950323-16478	1
162	0	EFE19950323-16223	1
162	0	EFE19950317-11979	1
162	0	EFE19950316-11253	1
162	0	EFE19950314-09718	1
162	0	EFE19950308-04923	1
162	0	EFE19950307-04501	1
162	0	EFE19950307-04338	1
162	0	EFE19950307-04337	1
162	0	EFE19950307-04180	1
162	0	EFE19950307-04098	1
162	0	EFE19950306-03813	1
162	0	EFE19950306-03660	1
162	0	EFE19950306-03512	1
162	0	EFE19950306-03379	1
162	0	EFE19950305-02889	1
162	0	EFE19950303-02329	1
162	0	EFE19950303-02190	1
162	0	EFE19950303-02172	1
162	0	EFE19950303-02111	1
162	0	EFE19950303-02040	1
162	0	EFE19950303-02039	1
162	0	EFE19950303-01834	1
162	0	EFE19950302-01241	1
162	0	EFE19950301-00684	1
162	0	EFE19950301-00237	1
162	0	EFE19950228-18352	1
162	0	EFE19950227-17619	1
162	0	EFE19950224-15721	1
162	0	EFE19950223-15217	1
162	0	EFE19950223-15061	1
162	0	EFE19950222-14007	1
162	0	EFE19950221-13425	1
162	0	EFE19950220-12892	1
162	0	EFE19950220-12601	1
162	0	EFE19950220-12467	1
162	0	EFE19950216-10266	1
162	0	EFE19950216-10105	1
162	0	EFE19950214-08942	1
162	0	EFE19950214-08506	1
162	0	EFE19950213-08160	1
162	0	EFE19950213-07744	1
162	0	EFE19950212-07429	1
162	0	EFE19950210-06364	1
162	0	EFE19950210-06324	1
162	0	EFE19950209-05984	1
162	0	EFE19950209-05823	1
162	0	EFE19950209-05784	1
162	0	EFE19950208-05149	1
162	0	EFE19950207-04122	1
162	0	EFE19950207-03958	1
162	0	EFE19950206-03638	1
162	0	EFE19950206-03583	1
162	0	EFE19950206-03288	1
162	0	EFE19950204-02332	1
162	0	EFE19950202-01193	1
162	0	EFE19950202-01097	1
162	0	EFE19950128-16384	1
162	0	EFE19950126-15220	1
162	0	EFE19941219-10982	1
162	0	EFE19941219-10960	1
162	0	EFE19941219-10603	1
162	0	EFE19941217-09671	1
162	0	EFE19941216-09057	1
162	0	EFE19941215-08605	1
162	0	EFE19941212-06301	1
162	0	EFE19941208-04336	1
162	0	EFE19941129-18309	1
162	0	EFE19941123-13930	1
162	0	EFE19941107-03599	1
162	0	EFE19941013-07277	1
162	0	EFE19940203-01794	1
163	0	EFE19951025-16374	1
163	0	EFE19951011-07202	1
163	0	EFE19950803-01715	1
163	0	EFE19950730-18899	1
163	0	EFE19950531-20764	1
163	0	EFE19950425-14474	1
163	0	EFE19950409-05202	1
163	0	EFE19950328-19869	1
163	0	EFE19950328-19582	1
163	0	EFE19950325-18191	1
163	0	EFE19950225-16226	1
163	0	EFE19950131-17949	1
163	0	EFE19950110-04753	1
163	0	EFE19941221-12383	1
163	0	EFE19941208-04592	1
163	0	EFE19941206-03391	1
163	0	EFE19941127-16893	1
163	0	EFE19941028-16741	1
163	0	EFE19940801-00084	1
163	0	EFE19940801-00082	1
163	0	EFE19940721-12801	1
163	0	EFE19940719-11115	1
163	0	EFE19940608-04658	1
163	0	EFE19940413-07397	1
163	0	EFE19940325-16589	1
163	0	EFE19940316-10241	1
163	0	EFE19940315-09284	1
163	0	EFE19940223-13723	1
163	0	EFE19940212-07026	1
163	0	EFE19940111-04729	1
164	0	EFE19951216-10176	1
164	0	EFE19951205-02703	1
164	0	EFE19951126-17997	1
164	0	EFE19951027-18352	1
164	0	EFE19951017-10722	1
164	0	EFE19950907-04255	1
164	0	EFE19950729-18412	1
164	0	EFE19950714-08892	1
164	0	EFE19950701-00276	1
164	0	EFE19950606-03487	1
164	0	EFE19950518-11799	1
164	0	EFE19950509-05785	1
164	0	EFE19950413-07804	1
164	0	EFE19950329-20500	1
164	0	EFE19950308-05141	1
164	0	EFE19950304-02436	1
164	0	EFE19950303-02041	1
164	0	EFE19950222-14326	1
164	0	EFE19950215-09813	1
164	0	EFE19950215-09788	1
164	0	EFE19950215-09742	1
164	0	EFE19950215-09684	1
164	0	EFE19950202-00970	1
164	0	EFE19950202-00960	1
164	0	EFE19950110-04395	1
164	0	EFE19950106-02556	1
164	0	EFE19941214-07816	1
164	0	EFE19941213-06855	1
164	0	EFE19941212-06371	1
164	0	EFE19941210-05543	1
164	0	EFE19941122-13244	1
164	0	EFE19941122-13173	1
164	0	EFE19941122-13164	1
164	0	EFE19941122-13112	1
164	0	EFE19941108-04476	1
164	0	EFE19941107-03831	1
164	0	EFE19941006-03414	1
164	0	EFE19940929-17011	1
164	0	EFE19940927-15516	1
164	0	EFE19940927-15476	1
164	0	EFE19940927-15362	1
164	0	EFE19940927-15334	1
164	0	EFE19940927-15194	1
164	0	EFE19940808-03875	1
164	0	EFE19940723-13500	1
164	0	EFE19940720-11806	1
164	0	EFE19940719-11112	1
164	0	EFE19940713-07872	1
164	0	EFE19940711-06420	1
164	0	EFE19940705-02766	1
164	0	EFE19940610-06569	1
164	0	EFE19940523-13664	1
164	0	EFE19940415-08704	1
164	0	EFE19940411-05895	1
164	0	EFE19940404-01283	1
164	0	EFE19940330-19206	1
164	0	EFE19940325-16425	1
164	0	EFE19940316-10575	1
164	0	EFE19940305-03389	1
164	0	EFE19940305-03311	1
164	0	EFE19940304-02952	1
164	0	EFE19940301-00604	1
164	0	EFE19940225-15124	1
164	0	EFE19940224-14164	1
164	0	EFE19940215-08808	1
164	0	EFE19940212-07304	1
164	0	EFE19940208-04501	1
164	0	EFE19940203-01540	1
164	0	EFE19940202-01340	1
164	0	EFE19940127-14543	1
164	0	EFE19940122-11368	1
164	0	EFE19940105-01591	1
165	0	EFE19950328-19456	1
165	0	EFE19950320-14074	1
165	0	EFE19950320-13894	1
165	0	EFE19950214-08644	1
165	0	EFE19950213-08128	1
165	0	EFE19950211-07035	1
165	0	EFE19950122-12032	1
165	0	EFE19950122-12029	1
165	0	EFE19950122-12028	1
166	0	EFE19950712-07140	1
166	0	EFE19940907-03686	1
166	0	EFE19940907-03651	1
166	0	EFE19940622-13686	1
166	0	EFE19940120-10196	1
166	0	EFE19940112-05159	1
166	0	EFE19940105-01852	1
167	0	EFE19950609-05712	1
167	0	EFE19950530-20137	1
167	0	EFE19941215-08275	1
167	0	EFE19940504-01738	1
167	0	EFE19940429-17411	1
167	0	EFE19940428-16450	1
167	0	EFE19940428-16435	1
167	0	EFE19940428-16396	1
167	0	EFE19940419-10553	1
167	0	EFE19940129-15423	1
168	0	EFE19951221-13299	1
168	0	EFE19951219-11704	1
168	0	EFE19951211-06074	1
168	0	EFE19951205-02445	1
168	0	EFE19951130-21027	1
168	0	EFE19951130-20983	1
168	0	EFE19951126-17920	1
168	0	EFE19951124-16822	1
168	0	EFE19951120-13291	1
168	0	EFE19951119-12936	1
168	0	EFE19951117-11530	1
168	0	EFE19951116-10887	1
168	0	EFE19951116-10621	1
168	0	EFE19951115-09808	1
168	0	EFE19951114-09352	1
168	0	EFE19951114-08830	1
168	0	EFE19951112-07525	1
168	0	EFE19951112-07467	1
168	0	EFE19951111-06992	1
168	0	EFE19951110-06557	1
168	0	EFE19951110-06445	1
168	0	EFE19951109-05682	1
168	0	EFE19951109-05586	1
168	0	EFE19951109-05537	1
168	0	EFE19951109-05455	1
168	0	EFE19951108-04632	1
168	0	EFE19951108-04600	1
168	0	EFE19951107-04310	1
168	0	EFE19951107-03844	1
168	0	EFE19951106-03667	1
168	0	EFE19951106-03181	1
168	0	EFE19951106-03066	1
168	0	EFE19951105-02901	1
168	0	EFE19951105-02825	1
168	0	EFE19951105-02618	1
168	0	EFE19951105-02592	1
168	0	EFE19951105-02590	1
168	0	EFE19951104-02535	1
168	0	EFE19951104-02509	1
170	0	EFE19950119-10595	1
170	0	EFE19950112-05982	1
170	0	EFE19950111-05272	1
170	0	EFE19941230-16049	1
170	0	EFE19941229-15432	1
171	0	EFE19950503-01694	1
171	0	EFE19940227-16173	1
171	0	EFE19940227-16151	1
171	0	EFE19940227-16109	1
172	0	EFE19951211-05948	1
172	0	EFE19951209-05156	1
172	0	EFE19951206-03309	1
172	0	EFE19951101-00247	1
172	0	EFE19950814-07384	1
172	0	EFE19950814-07365	1
172	0	EFE19950812-06869	1
172	0	EFE19950812-06740	1
172	0	EFE19950811-06471	1
172	0	EFE19950811-06434	1
172	0	EFE19950810-05645	1
172	0	EFE19950807-03854	1
172	0	EFE19950807-03739	1
173	0	EFE19950307-04056	1
173	0	EFE19940914-07635	1
173	0	EFE19940516-09484	1
173	0	EFE19940504-02002	1
173	0	EFE19940427-15783	1
173	0	EFE19940426-15401	1
174	0	EFE19951013-08623	1
174	0	EFE19950925-16354	1
174	0	EFE19950923-15326	1
174	0	EFE19950923-15140	1
174	0	EFE19950917-10652	1
174	0	EFE19950913-08074	1
174	0	EFE19950814-07517	1
174	0	EFE19950812-06745	1
174	0	EFE19950812-06642	1
174	0	EFE19950811-06137	1
174	0	EFE19950810-05504	1
175	0	EFE19940420-11295	1
176	0	EFE19950811-06336	1
176	0	EFE19940801-00351	1
176	0	EFE19940731-17969	1
176	0	EFE19940727-16006	1
176	0	EFE19940727-15890	1
176	0	EFE19940724-14058	1
176	0	EFE19940723-13590	1
176	0	EFE19940723-13468	1
176	0	EFE19940723-13457	1
176	0	EFE19940722-13291	1
176	0	EFE19940722-13143	1
176	0	EFE19940722-13107	1
176	0	EFE19940722-13030	1
176	0	EFE19940722-12930	1
176	0	EFE19940722-12918	1
176	0	EFE19940722-12871	1
176	0	EFE19940721-12752	1
176	0	EFE19940721-12648	1
176	0	EFE19940721-12564	1
176	0	EFE19940721-12538	1
176	0	EFE19940721-12213	1
176	0	EFE19940721-12155	1
176	0	EFE19940720-12152	1
176	0	EFE19940720-11725	1
176	0	EFE19940720-11542	1
176	0	EFE19940720-11517	1
176	0	EFE19940719-11458	1
176	0	EFE19940719-11325	1
176	0	EFE19940719-11280	1
176	0	EFE19940719-11130	1
176	0	EFE19940719-10931	1
176	0	EFE19940718-10747	1
176	0	EFE19940718-10737	1
176	0	EFE19940718-10624	1
176	0	EFE19940718-10512	1
176	0	EFE19940718-10473	1
176	0	EFE19940718-10395	1
176	0	EFE19940717-10163	1
176	0	EFE19940717-10075	1
176	0	EFE19940717-09963	1
176	0	EFE19940717-09861	1
176	0	EFE19940717-09842	1
176	0	EFE19940717-09831	1
176	0	EFE19940716-09797	1
176	0	EFE19940716-09791	1
176	0	EFE19940716-09753	1
176	0	EFE19940716-09741	1
176	0	EFE19940716-09683	1
176	0	EFE19940716-09628	1
176	0	EFE19940716-09540	1
176	0	EFE19940716-09500	1
176	0	EFE19940715-09098	1
176	0	EFE19940715-08890	1
176	0	EFE19940715-08889	1
176	0	EFE19940714-08710	1
176	0	EFE19940714-08609	1
176	0	EFE19940714-08429	1
176	0	EFE19940714-08418	1
176	0	EFE19940714-08257	1
176	0	EFE19940711-06222	1
176	0	EFE19940710-05829	1
176	0	EFE19940707-04032	1
176	0	EFE19940705-02488	1
176	0	EFE19940702-00889	1
176	0	EFE19940702-00858	1
176	0	EFE19940702-00786	1
176	0	EFE19940627-16467	1
176	0	EFE19940621-12968	1
176	0	EFE19940615-09365	1
176	0	EFE19940615-09280	1
176	0	EFE19940612-07302	1
176	0	EFE19940602-01331	1
176	0	EFE19940519-11119	1
176	0	EFE19940508-04126	1
176	0	EFE19940424-13752	1
176	0	EFE19940313-08330	1
176	0	EFE19940115-06932	1
177	0	EFE19951127-18459	1
177	0	EFE19951023-14990	1
177	0	EFE19951014-08980	1
177	0	EFE19951013-08260	1
177	0	EFE19950911-06453	1
177	0	EFE19950616-10512	1
177	0	EFE19950615-09686	1
177	0	EFE19950523-15437	1
177	0	EFE19950523-15419	1
177	0	EFE19950517-11208	1
177	0	EFE19950323-16766	1
177	0	EFE19950124-13463	1
177	0	EFE19950124-13380	1
177	0	EFE19941206-03040	1
177	0	EFE19941130-18809	1
177	0	EFE19941129-18094	1
177	0	EFE19941124-14762	1
177	0	EFE19941103-01543	1
177	0	EFE19941031-18525	1
177	0	EFE19940423-13525	1
177	0	EFE19940306-03772	1
177	0	EFE19940304-02770	1
177	0	EFE19940301-00458	1
178	0	EFE19951206-03413	1
178	0	EFE19951114-08865	1
178	0	EFE19951021-14065	1
178	0	EFE19950929-19450	1
178	0	EFE19950712-07566	1
178	0	EFE19950622-14972	1
178	0	EFE19950612-07481	1
178	0	EFE19950606-03296	1
178	0	EFE19950601-00416	1
178	0	EFE19950528-18715	1
178	0	EFE19950526-17636	1
178	0	EFE19950524-16393	1
178	0	EFE19950516-10665	1
178	0	EFE19950514-08818	1
178	0	EFE19950512-07857	1
178	0	EFE19950512-07754	1
178	0	EFE19950509-05944	1
178	0	EFE19950509-05500	1
178	0	EFE19950509-05493	1
178	0	EFE19950322-15634	1
178	0	EFE19950320-13820	1
178	0	EFE19950312-07901	1
178	0	EFE19950303-01739	1
178	0	EFE19950223-14801	1
178	0	EFE19950219-12035	1
178	0	EFE19950214-08843	1
178	0	EFE19950211-06968	1
178	0	EFE19950202-00995	1
178	0	EFE19950202-00897	1
178	0	EFE19950201-00218	1
178	0	EFE19950201-00140	1
178	0	EFE19950127-15752	1
178	0	EFE19950127-15682	1
178	0	EFE19950125-14106	1
178	0	EFE19950118-09802	1
178	0	EFE19950113-06919	1
178	0	EFE19950102-00465	1
178	0	EFE19941230-16208	1
178	0	EFE19941129-17863	1
178	0	EFE19941119-11763	1
178	0	EFE19941115-08649	1
178	0	EFE19941108-04137	1
178	0	EFE19941106-03136	1
178	0	EFE19941103-01267	1
178	0	EFE19941102-00854	1
178	0	EFE19941027-16089	1
178	0	EFE19941021-12389	1
178	0	EFE19941010-05317	1
178	0	EFE19940916-09151	1
178	0	EFE19940912-06341	1
178	0	EFE19940818-08816	1
178	0	EFE19940713-07704	1
178	0	EFE19940707-04055	1
178	0	EFE19940630-18889	1
178	0	EFE19940617-10851	1
178	0	EFE19940616-10159	1
178	0	EFE19940606-03216	1
178	0	EFE19940530-17993	1
178	0	EFE19940527-16791	1
178	0	EFE19940526-15541	1
178	0	EFE19940522-12974	1
178	0	EFE19940517-10112	1
178	0	EFE19940516-09374	1
178	0	EFE19940516-09078	1
178	0	EFE19940425-14456	1
178	0	EFE19940422-13116	1
178	0	EFE19940421-12270	1
178	0	EFE19940407-03340	1
178	0	EFE19940317-10938	1
178	0	EFE19940315-09574	1
178	0	EFE19940312-08047	1
178	0	EFE19940302-01496	1
178	0	EFE19940301-00245	1
178	0	EFE19940228-16442	1
178	0	EFE19940225-15089	1
178	0	EFE19940223-13795	1
178	0	EFE19940223-13496	1
178	0	EFE19940222-13123	1
178	0	EFE19940221-11953	1
178	0	EFE19940220-11566	1
178	0	EFE19940206-03286	1
178	0	EFE19940203-01898	1
178	0	EFE19940202-01195	1
178	0	EFE19940125-12761	1
178	0	EFE19940122-11154	1
178	0	EFE19940114-06435	1
178	0	EFE19940111-04342	1
178	0	EFE19940110-04000	1
179	0	EFE19951124-16901	1
179	0	EFE19951110-06819	1
179	0	EFE19951102-00724	1
179	0	EFE19951026-17637	1
179	0	EFE19951026-17482	1
179	0	EFE19951025-16856	1
179	0	EFE19951024-15622	1
179	0	EFE19951023-14930	1
179	0	EFE19951020-13815	1
179	0	EFE19951020-13571	1
179	0	EFE19951020-13556	1
179	0	EFE19951020-13475	1
179	0	EFE19951020-13433	1
179	0	EFE19951020-13290	1
179	0	EFE19951020-13284	1
179	0	EFE19951020-13216	1
179	0	EFE19951020-13156	1
179	0	EFE19951019-13090	1
179	0	EFE19951019-13059	1
179	0	EFE19951019-13051	1
179	0	EFE19951019-13025	1
179	0	EFE19951019-12987	1
179	0	EFE19951019-12907	1
179	0	EFE19951019-12614	1
179	0	EFE19951019-12602	1
179	0	EFE19951019-12556	1
179	0	EFE19951019-12532	1
179	0	EFE19951019-12529	1
179	0	EFE19951018-11909	1
179	0	EFE19951017-11154	1
179	0	EFE19951016-10309	1
179	0	EFE19951016-09964	1
179	0	EFE19951016-09913	1
179	0	EFE19951015-09453	1
179	0	EFE19951014-09227	1
179	0	EFE19951014-09029	1
179	0	EFE19951014-08940	1
179	0	EFE19951014-08917	1
179	0	EFE19951014-08903	1
179	0	EFE19951013-08779	1
179	0	EFE19951013-08527	1
179	0	EFE19951013-08374	1
179	0	EFE19951013-08221	1
179	0	EFE19951012-07889	1
179	0	EFE19951012-07603	1
179	0	EFE19951012-07531	1
179	0	EFE19951011-06829	1
179	0	EFE19951010-06029	1
179	0	EFE19951009-05715	1
179	0	EFE19951009-05426	1
179	0	EFE19951007-04473	1
179	0	EFE19951007-04239	1
179	0	EFE19951006-04192	1
179	0	EFE19951006-04141	1
179	0	EFE19951006-04051	1
179	0	EFE19951006-03793	1
179	0	EFE19950906-03273	1
179	0	EFE19950906-03184	1
179	0	EFE19950519-12742	1
179	0	EFE19950517-11250	1
179	0	EFE19950516-10409	1
179	0	EFE19950515-09694	1
179	0	EFE19950512-08329	1
179	0	EFE19950512-07797	1
179	0	EFE19950511-07131	1
179	0	EFE19950410-06094	1
179	0	EFE19950410-06036	1
179	0	EFE19950408-04930	1
179	0	EFE19950407-04191	1
179	0	EFE19950406-03859	1
179	0	EFE19950405-02897	1
179	0	EFE19950405-02603	1
179	0	EFE19950404-02278	1
179	0	EFE19950404-02038	1
179	0	EFE19950329-20808	1
179	0	EFE19950329-20363	1
179	0	EFE19950327-19002	1
179	0	EFE19950325-18010	1
179	0	EFE19950324-17354	1
179	0	EFE19950324-17117	1
179	0	EFE19950323-16620	1
179	0	EFE19950323-16524	1
179	0	EFE19950323-16209	1
179	0	EFE19950322-15846	1
179	0	EFE19950322-15341	1
179	0	EFE19950309-05803	1
179	0	EFE19950308-05265	1
179	0	EFE19950307-04642	1
179	0	EFE19950306-03929	1
179	0	EFE19950306-03831	1
179	0	EFE19950306-03566	1
179	0	EFE19950306-03385	1
179	0	EFE19950305-03207	1
179	0	EFE19950304-02503	1
179	0	EFE19950303-01974	1
179	0	EFE19950301-00670	1
179	0	EFE19950301-00206	1
179	0	EFE19950228-18281	1
179	0	EFE19950228-18028	1
179	0	EFE19950227-17583	1
179	0	EFE19950227-17234	1
179	0	EFE19950227-17152	1
179	0	EFE19950226-17019	1
179	0	EFE19950225-16488	1
179	0	EFE19950224-16004	1
179	0	EFE19950223-15232	1
179	0	EFE19950223-14915	1
179	0	EFE19950223-14803	1
179	0	EFE19950222-14417	1
179	0	EFE19950222-14342	1
179	0	EFE19950222-14215	1
179	0	EFE19950220-12924	1
179	0	EFE19950220-12824	1
180	0	EFE19951202-01061	1
180	0	EFE19951202-00853	1
180	0	EFE19951201-00063	1
180	0	EFE19951124-16658	1
180	0	EFE19951124-16631	1
180	0	EFE19951124-16621	1
180	0	EFE19951030-19758	1
180	0	EFE19951018-11657	1
180	0	EFE19951017-10791	1
180	0	EFE19951017-10715	1
180	0	EFE19951013-08694	1
180	0	EFE19951012-07575	1
180	0	EFE19950928-18926	1
180	0	EFE19950913-08003	1
180	0	EFE19950816-08516	1
180	0	EFE19950727-17285	1
180	0	EFE19950712-07213	1
180	0	EFE19950501-00295	1
180	0	EFE19950327-18716	1
180	0	EFE19950308-05104	1
180	0	EFE19950307-04050	1
180	0	EFE19950306-03781	1
180	0	EFE19950306-03775	1
180	0	EFE19950306-03598	1
180	0	EFE19950306-03500	1
180	0	EFE19950306-03483	1
180	0	EFE19950306-03376	1
180	0	EFE19950306-03328	1
180	0	EFE19950306-03238	1
180	0	EFE19950305-03228	1
180	0	EFE19950305-03063	1
180	0	EFE19950305-02903	1
180	0	EFE19950304-02482	1
180	0	EFE19950304-02389	1
180	0	EFE19950303-02211	1
180	0	EFE19950303-01952	1
180	0	EFE19950303-01813	1
180	0	EFE19950303-01726	1
180	0	EFE19950303-01699	1
180	0	EFE19950303-01694	1
180	0	EFE19950302-01485	1
180	0	EFE19950302-01079	1
180	0	EFE19950302-01039	1
180	0	EFE19950302-00988	1
180	0	EFE19950302-00981	1
180	0	EFE19950301-00545	1
180	0	EFE19950301-00156	1
180	0	EFE19950301-00101	1
180	0	EFE19950301-00093	1
180	0	EFE19950301-00090	1
180	0	EFE19950228-18421	1
180	0	EFE19950228-18378	1
180	0	EFE19950228-17942	1
180	0	EFE19950228-17844	1
180	0	EFE19950228-17842	1
180	0	EFE19950228-17820	1
180	0	EFE19950227-17446	1
180	0	EFE19950227-17436	1
180	0	EFE19950227-17425	1
180	0	EFE19950227-17409	1
180	0	EFE19950227-17212	1
180	0	EFE19950227-17180	1
180	0	EFE19950227-17158	1
180	0	EFE19950227-17132	1
180	0	EFE19950227-17088	1
180	0	EFE19950226-17061	1
180	0	EFE19950226-16841	1
181	0	EFE19951229-16795	1
181	0	EFE19951229-16566	1
181	0	EFE19951228-16460	1
181	0	EFE19951228-16434	1
181	0	EFE19951228-16212	1
181	0	EFE19951228-16138	1
181	0	EFE19951228-16126	1
181	0	EFE19951228-16006	1
181	0	EFE19951228-16001	1
181	0	EFE19951228-15997	1
181	0	EFE19951227-15960	1
181	0	EFE19951227-15958	1
181	0	EFE19951227-15953	1
181	0	EFE19951213-07472	1
181	0	EFE19951212-07431	1
181	0	EFE19951208-04571	1
181	0	EFE19951206-03461	1
181	0	EFE19951124-16602	1
181	0	EFE19951122-14909	1
181	0	EFE19951122-14810	1
181	0	EFE19951122-14801	1
181	0	EFE19951121-14768	1
181	0	EFE19951112-07503	1
181	0	EFE19951103-01515	1
181	0	EFE19951031-20395	1
181	0	EFE19951031-20369	1
181	0	EFE19951030-19824	1
181	0	EFE19951030-19680	1
181	0	EFE19951030-19655	1
181	0	EFE19951030-19654	1
181	0	EFE19951028-19120	1
181	0	EFE19951028-18971	1
181	0	EFE19951028-18949	1
181	0	EFE19951028-18913	1
181	0	EFE19951028-18814	1
181	0	EFE19951027-18795	1
181	0	EFE19951025-16794	1
181	0	EFE19951024-15992	1
181	0	EFE19951024-15981	1
181	0	EFE19951024-15535	1
181	0	EFE19951023-15350	1
181	0	EFE19951020-13715	1
181	0	EFE19951020-13406	1
181	0	EFE19951018-11595	1
181	0	EFE19951013-08313	1
181	0	EFE19951011-07254	1
181	0	EFE19951011-07244	1
181	0	EFE19951011-07149	1
181	0	EFE19951011-06891	1
181	0	EFE19951009-05769	1
181	0	EFE19951009-05763	1
181	0	EFE19951007-04735	1
181	0	EFE19951007-04288	1
181	0	EFE19951006-04086	1
181	0	EFE19951004-02626	1
181	0	EFE19951004-01876	1
181	0	EFE19951003-01530	1
181	0	EFE19951003-01379	1
181	0	EFE19951003-01146	1
181	0	EFE19951002-00962	1
181	0	EFE19951002-00814	1
181	0	EFE19951002-00681	1
181	0	EFE19951002-00664	1
181	0	EFE19951002-00658	1
181	0	EFE19951002-00539	1
181	0	EFE19951002-00462	1
181	0	EFE19951002-00459	1
181	0	EFE19951002-00454	1
181	0	EFE19951001-00239	1
181	0	EFE19950929-19428	1
181	0	EFE19950928-18667	1
181	0	EFE19950927-17642	1
181	0	EFE19950923-15160	1
181	0	EFE19950922-14991	1
181	0	EFE19950922-14753	1
181	0	EFE19950922-14377	1
181	0	EFE19950922-14341	1
181	0	EFE19950921-13526	1
181	0	EFE19950920-12760	1
181	0	EFE19950919-11972	1
181	0	EFE19950918-11109	1
181	0	EFE19950918-11086	1
181	0	EFE19950914-09220	1
181	0	EFE19950914-09201	1
181	0	EFE19950914-09178	1
181	0	EFE19950914-09168	1
181	0	EFE19950914-08653	1
181	0	EFE19950914-08603	1
181	0	EFE19950913-08307	1
181	0	EFE19950912-06925	1
181	0	EFE19950912-06924	1
181	0	EFE19950911-06794	1
181	0	EFE19950911-06565	1
181	0	EFE19950911-06497	1
181	0	EFE19950911-06416	1
181	0	EFE19950911-06319	1
181	0	EFE19950911-06309	1
181	0	EFE19950910-06169	1
181	0	EFE19950910-06121	1
181	0	EFE19950909-05674	1
181	0	EFE19950909-05482	1
181	0	EFE19950908-05069	1
181	0	EFE19950908-04995	1
181	0	EFE19950908-04983	1
181	0	EFE19950907-04566	1
181	0	EFE19950907-04419	1
181	0	EFE19950907-04398	1
181	0	EFE19950906-03858	1
181	0	EFE19950906-03756	1
181	0	EFE19950906-03698	1
181	0	EFE19950906-03656	1
181	0	EFE19950906-03590	1
181	0	EFE19950906-03559	1
181	0	EFE19950906-03522	1
181	0	EFE19950906-03454	1
181	0	EFE19950906-03368	1
181	0	EFE19950906-03286	1
181	0	EFE19950906-03285	1
181	0	EFE19950906-03284	1
181	0	EFE19950906-03269	1
181	0	EFE19950906-03257	1
181	0	EFE19950906-03254	1
181	0	EFE19950906-03200	1
181	0	EFE19950906-03193	1
181	0	EFE19950906-03192	1
181	0	EFE19950906-03134	1
181	0	EFE19950906-03100	1
181	0	EFE19950906-03080	1
181	0	EFE19950906-03070	1
181	0	EFE19950906-03066	1
181	0	EFE19950906-03053	1
181	0	EFE19950906-03051	1
181	0	EFE19950906-03050	1
181	0	EFE19950906-03047	1
181	0	EFE19950906-03042	1
181	0	EFE19950906-03035	1
181	0	EFE19950906-03030	1
181	0	EFE19950905-03011	1
181	0	EFE19950905-03008	1
181	0	EFE19950905-02834	1
181	0	EFE19950905-02745	1
181	0	EFE19950905-02472	1
181	0	EFE19950904-02208	1
181	0	EFE19950904-02166	1
181	0	EFE19950904-02107	1
181	0	EFE19950904-02050	1
181	0	EFE19950904-02043	1
181	0	EFE19950904-01954	1
181	0	EFE19950904-01844	1
181	0	EFE19950904-01695	1
181	0	EFE19950904-01693	1
181	0	EFE19950904-01621	1
181	0	EFE19950902-01002	1
181	0	EFE19950902-00890	1
181	0	EFE19950902-00868	1
181	0	EFE19950902-00839	1
181	0	EFE19950901-00684	1
181	0	EFE19950901-00582	1
181	0	EFE19950901-00522	1
181	0	EFE19950901-00476	1
181	0	EFE19950901-00414	1
181	0	EFE19950901-00113	1
181	0	EFE19950901-00041	1
181	0	EFE19950831-17269	1
181	0	EFE19950831-17175	1
181	0	EFE19950831-17107	1
181	0	EFE19950831-17060	1
181	0	EFE19950830-16641	1
181	0	EFE19950830-16487	1
181	0	EFE19950830-16419	1
181	0	EFE19950830-16375	1
181	0	EFE19950830-16325	1
181	0	EFE19950829-16121	1
181	0	EFE19950829-16046	1
181	0	EFE19950829-15811	1
181	0	EFE19950829-15681	1
181	0	EFE19950829-15678	1
181	0	EFE19950829-15648	1
181	0	EFE19950828-15321	1
181	0	EFE19950828-15300	1
181	0	EFE19950828-15246	1
181	0	EFE19950828-15184	1
181	0	EFE19950827-14767	1
181	0	EFE19950827-14740	1
181	0	EFE19950825-13933	1
181	0	EFE19950825-13869	1
181	0	EFE19950825-13820	1
181	0	EFE19950825-13813	1
181	0	EFE19950825-13802	1
181	0	EFE19950824-13231	1
181	0	EFE19950824-12895	1
181	0	EFE19950822-11972	1
181	0	EFE19950822-11784	1
181	0	EFE19950822-11718	1
181	0	EFE19950822-11688	1
181	0	EFE19950822-11677	1
181	0	EFE19950821-11560	1
181	0	EFE19950821-11359	1
181	0	EFE19950821-11210	1
181	0	EFE19950814-07521	1
181	0	EFE19950814-07447	1
181	0	EFE19950812-06835	1
181	0	EFE19950812-06736	1
181	0	EFE19950812-06727	1
181	0	EFE19950812-06665	1
181	0	EFE19950812-06612	1
181	0	EFE19950812-06600	1
181	0	EFE19950811-06417	1
181	0	EFE19950810-05611	1
181	0	EFE19950810-05565	1
181	0	EFE19950810-05467	1
181	0	EFE19950810-05406	1
181	0	EFE19950810-05352	1
181	0	EFE19950810-05340	1
181	0	EFE19950809-05231	1
181	0	EFE19950809-05110	1
181	0	EFE19950808-04589	1
181	0	EFE19950808-04143	1
181	0	EFE19950808-04099	1
181	0	EFE19950808-04054	1
181	0	EFE19950806-03289	1
181	0	EFE19950805-02916	1
181	0	EFE19950805-02822	1
181	0	EFE19950804-02421	1
181	0	EFE19950804-02063	1
181	0	EFE19950804-02043	1
181	0	EFE19950803-01965	1
181	0	EFE19950802-00981	1
181	0	EFE19950801-00316	1
181	0	EFE19950729-18376	1
181	0	EFE19950727-16960	1
181	0	EFE19950726-16369	1
181	0	EFE19950726-16183	1
181	0	EFE19950724-15060	1
181	0	EFE19950721-13396	1
181	0	EFE19950721-13176	1
181	0	EFE19950720-13026	1
181	0	EFE19950720-12829	1
181	0	EFE19950717-10243	1
181	0	EFE19950716-09972	1
181	0	EFE19950714-09225	1
181	0	EFE19950714-09224	1
181	0	EFE19950714-09223	1
181	0	EFE19950714-08985	1
181	0	EFE19950714-08945	1
181	0	EFE19950714-08709	1
181	0	EFE19950714-08672	1
181	0	EFE19950714-08652	1
181	0	EFE19950713-08133	1
181	0	EFE19950713-08098	1
181	0	EFE19950713-08046	1
181	0	EFE19950713-08019	1
181	0	EFE19950713-07759	1
181	0	EFE19950712-07642	1
181	0	EFE19950711-06347	1
181	0	EFE19950710-06086	1
181	0	EFE19950710-06072	1
181	0	EFE19950710-05874	1
181	0	EFE19950710-05673	1
181	0	EFE19950710-05655	1
181	0	EFE19950710-05422	1
181	0	EFE19950709-05326	1
181	0	EFE19950709-05270	1
181	0	EFE19950709-05247	1
181	0	EFE19950708-04613	1
181	0	EFE19950704-02153	1
181	0	EFE19950704-01776	1
181	0	EFE19950704-01617	1
181	0	EFE19950630-20451	1
181	0	EFE19950629-19818	1
181	0	EFE19950628-18865	1
181	0	EFE19950626-17318	1
181	0	EFE19950622-15237	1
181	0	EFE19950622-14926	1
181	0	EFE19950622-14803	1
181	0	EFE19950620-12858	1
181	0	EFE19950617-11432	1
181	0	EFE19950616-11091	1
181	0	EFE19950616-10837	1
181	0	EFE19950616-10486	1
181	0	EFE19950615-10020	1
181	0	EFE19950615-09928	1
181	0	EFE19950615-09627	1
181	0	EFE19950614-09527	1
181	0	EFE19950614-09461	1
181	0	EFE19950614-09409	1
181	0	EFE19950614-09325	1
181	0	EFE19950614-09295	1
181	0	EFE19950614-09274	1
181	0	EFE19950614-09222	1
181	0	EFE19950614-08898	1
181	0	EFE19950614-08787	1
181	0	EFE19950613-08721	1
181	0	EFE19950613-08720	1
181	0	EFE19950613-08517	1
181	0	EFE19950612-07779	1
181	0	EFE19950608-05222	1
181	0	EFE19950607-04297	1
181	0	EFE19950606-03290	1
181	0	EFE19950516-10003	1
181	0	EFE19950512-08186	1
181	0	EFE19950508-05157	1
181	0	EFE19950508-04568	1
182	0	EFE19940606-03410	1
182	0	EFE19940606-03403	1
182	0	EFE19940605-02950	1
182	0	EFE19940605-02892	1
182	0	EFE19940605-02883	1
182	0	EFE19940605-02854	1
182	0	EFE19940605-02816	1
182	0	EFE19940605-02767	1
182	0	EFE19940605-02760	1
182	0	EFE19940605-02675	1
182	0	EFE19940604-02326	1
182	0	EFE19940603-02005	1
182	0	EFE19940601-00588	1
182	0	EFE19940524-13937	1
182	0	EFE19940523-13313	1
182	0	EFE19940516-09462	1
182	0	EFE19940503-01235	1
182	0	EFE19940430-17828	1
182	0	EFE19940422-12798	1
182	0	EFE19940404-01233	1
182	0	EFE19940403-00965	1
182	0	EFE19940316-10089	1
182	0	EFE19940308-05374	1
182	0	EFE19940224-14509	1
182	0	EFE19940221-11802	1
183	0	EFE19951126-18020	1
183	0	EFE19950810-05368	1
183	0	EFE19950614-09183	1
183	0	EFE19950614-08837	1
183	0	EFE19950528-18520	1
183	0	EFE19950522-14281	1
183	0	EFE19950520-13303	1
183	0	EFE19950316-10938	1
183	0	EFE19950224-15606	1
183	0	EFE19950109-03523	1
183	0	EFE19941129-17805	1
183	0	EFE19941108-04032	1
183	0	EFE19940503-01017	1
183	0	EFE19940405-02178	1
183	0	EFE19940405-01708	1
183	0	EFE19940222-12797	1
183	0	EFE19940115-06869	1
184	0	EFE19951214-08952	1
184	0	EFE19950919-11916	1
184	0	EFE19950607-04031	1
184	0	EFE19950305-02831	1
184	0	EFE19950301-00319	1
184	0	EFE19950220-12726	1
184	0	EFE19950113-06411	1
184	0	EFE19941213-07022	1
184	0	EFE19941003-00957	1
184	0	EFE19940930-17445	1
184	0	EFE19940927-15025	1
184	0	EFE19940921-11973	1
184	0	EFE19940916-09231	1
184	0	EFE19940916-09190	1
184	0	EFE19940810-04817	1
184	0	EFE19940803-01407	1
184	0	EFE19940629-17800	1
184	0	EFE19940628-17529	1
184	0	EFE19940617-10999	1
184	0	EFE19940429-17591	1
184	0	EFE19940308-05418	1
184	0	EFE19940215-08600	1
184	0	EFE19940214-08422	1
184	0	EFE19940211-06623	1
185	0	EFE19951030-20129	1
185	0	EFE19950811-05996	1
185	0	EFE19950810-05839	1
185	0	EFE19950810-05833	1
185	0	EFE19950810-05724	1
186	0	EFE19950629-20004	1
186	0	EFE19950628-19152	1
186	0	EFE19950309-06127	1
186	0	EFE19950309-05908	1
186	0	EFE19950308-05578	1
186	0	EFE19950308-05488	1
186	0	EFE19950307-04406	1
186	0	EFE19940913-06914	1
186	0	EFE19940831-15359	1
186	0	EFE19940822-10699	1
186	0	EFE19940820-09913	1
186	0	EFE19940818-08901	1
186	0	EFE19940812-06055	1
186	0	EFE19940811-05298	1
186	0	EFE19940801-00211	1
186	0	EFE19940729-17363	1
186	0	EFE19940725-14574	1
186	0	EFE19940706-03535	1
186	0	EFE19940629-17811	1
186	0	EFE19940627-16665	1
186	0	EFE19940627-16623	1
186	0	EFE19940627-16536	1
186	0	EFE19940609-05887	1
186	0	EFE19940609-05779	1
186	0	EFE19940609-05733	1
186	0	EFE19940505-02825	1
186	0	EFE19940504-02292	1
186	0	EFE19940504-01842	1
186	0	EFE19940503-01609	1
186	0	EFE19940503-01297	1
186	0	EFE19940502-00760	1
187	0	EFE19951218-11067	1
187	0	EFE19951024-15573	1
187	0	EFE19950510-06169	1
187	0	EFE19950426-15337	1
187	0	EFE19950425-14751	1
187	0	EFE19950425-14535	1
187	0	EFE19950425-14367	1
187	0	EFE19950424-13708	1
187	0	EFE19950417-09147	1
187	0	EFE19950126-14755	1
187	0	EFE19941119-11660	1
187	0	EFE19940819-09357	1
187	0	EFE19940713-07631	1
189	0	EFE19950425-14718	1
189	0	EFE19950307-04636	1
189	0	EFE19940526-15939	1
190	0	EFE19950704-02038	1
190	0	EFE19950112-05938	1
190	0	EFE19950105-01871	1
190	0	EFE19940601-00445	1
190	0	EFE19940319-12064	1
191	0	EFE19941104-02002	1
192	0	EFE19951229-16983	1
192	0	EFE19951229-16653	1
192	0	EFE19951012-07910	1
192	0	EFE19950922-14588	1
192	0	EFE19950922-14545	1
192	0	EFE19950822-11882	1
192	0	EFE19950810-05486	1
192	0	EFE19950518-11858	1
192	0	EFE19950407-04370	1
192	0	EFE19950320-14164	1
192	0	EFE19950316-11156	1
192	0	EFE19950316-11035	1
192	0	EFE19950314-09375	1
192	0	EFE19950311-07486	1
192	0	EFE19950310-07089	1
192	0	EFE19950310-06649	1
192	0	EFE19950310-06630	1
192	0	EFE19950309-06015	1
192	0	EFE19950307-04097	1
192	0	EFE19950307-04044	1
192	0	EFE19950306-03730	1
192	0	EFE19950306-03398	1
192	0	EFE19950304-02476	1
192	0	EFE19950303-02014	1
192	0	EFE19950303-01714	1
192	0	EFE19950303-01708	1
192	0	EFE19950303-01678	1
192	0	EFE19950302-01359	1
192	0	EFE19950302-01261	1
192	0	EFE19950302-01249	1
192	0	EFE19950302-01243	1
192	0	EFE19950302-01145	1
192	0	EFE19950302-01070	1
192	0	EFE19950302-01042	1
192	0	EFE19950302-01020	1
192	0	EFE19950302-01011	1
192	0	EFE19950302-01008	1
192	0	EFE19950302-00997	1
192	0	EFE19950302-00994	1
192	0	EFE19950302-00931	1
192	0	EFE19950302-00912	1
192	0	EFE19950302-00898	1
192	0	EFE19950301-00790	1
192	0	EFE19950301-00738	1
193	0	EFE19951216-10380	1
193	0	EFE19951216-10236	1
193	0	EFE19951216-10215	1
193	0	EFE19951215-09678	1
193	0	EFE19951215-09591	1
193	0	EFE19951215-09507	1
193	0	EFE19951213-08204	1
193	0	EFE19951213-07828	1
193	0	EFE19951206-03298	1
193	0	EFE19951031-20634	1
193	0	EFE19950725-15882	1
193	0	EFE19950725-15861	1
193	0	EFE19950627-18278	1
193	0	EFE19950627-18146	1
193	0	EFE19950627-17918	1
193	0	EFE19950529-19708	1
193	0	EFE19950522-14734	1
193	0	EFE19950405-02910	1
193	0	EFE19941215-08559	1
193	0	EFE19941209-05169	1
193	0	EFE19941130-19184	1
193	0	EFE19940718-10401	1
193	0	EFE19940705-02728	1
193	0	EFE19940704-02101	1
193	0	EFE19940524-14095	1
193	0	EFE19940101-00011	1
193	0	EFE19940101-00010	1
193	0	EFE19940101-00009	1
193	0	EFE19940101-00008	1
193	0	EFE19940101-00007	1
193	0	EFE19940101-00006	1
193	0	EFE19940101-00004	1
193	0	EFE19940101-00003	1
193	0	EFE19940101-00002	1
194	0	EFE19951107-04183	1
194	0	EFE19951106-03593	1
194	0	EFE19950125-14371	1
194	0	EFE19940920-11226	1
194	0	EFE19940527-16778	1
194	0	EFE19940525-15047	1
194	0	EFE19940427-16138	1
194	0	EFE19940119-09102	1
196	0	EFE19951106-03141	1
196	0	EFE19951104-02037	1
196	0	EFE19950718-11041	1
196	0	EFE19950621-13694	1
196	0	EFE19950519-12593	1
196	0	EFE19950329-20328	1
196	0	EFE19950329-20298	1
196	0	EFE19950329-20232	1
196	0	EFE19950328-20175	1
196	0	EFE19950328-20160	1
196	0	EFE19950328-20142	1
196	0	EFE19950328-19748	1
196	0	EFE19950328-19526	1
196	0	EFE19950328-19494	1
196	0	EFE19941115-08395	1
197	0	EFE19951231-17452	1
197	0	EFE19951230-17305	1
197	0	EFE19951230-17301	1
197	0	EFE19951228-16245	1
197	0	EFE19951228-16099	1
197	0	EFE19951226-15316	1
197	0	EFE19951224-14829	1
197	0	EFE19951223-14576	1
197	0	EFE19951222-14192	1
197	0	EFE19951222-14053	1
197	0	EFE19951222-14019	1
197	0	EFE19951221-13390	1
197	0	EFE19951217-10737	1
197	0	EFE19951216-10363	1
197	0	EFE19951216-10241	1
197	0	EFE19951214-08779	1
197	0	EFE19951214-08759	1
197	0	EFE19951214-08504	1
197	0	EFE19951214-08496	1
197	0	EFE19951214-08481	1
197	0	EFE19951214-08431	1
197	0	EFE19951214-08401	1
197	0	EFE19951214-08369	1
197	0	EFE19951214-08309	1
197	0	EFE19951213-08278	1
197	0	EFE19951213-08188	1
197	0	EFE19951213-08178	1
197	0	EFE19951213-08161	1
197	0	EFE19951213-08155	1
197	0	EFE19951213-08063	1
197	0	EFE19951213-07984	1
197	0	EFE19951213-07950	1
197	0	EFE19951213-07904	1
197	0	EFE19951213-07854	1
197	0	EFE19951213-07843	1
197	0	EFE19951213-07820	1
197	0	EFE19951213-07672	1
197	0	EFE19951213-07488	1
197	0	EFE19951212-07413	1
197	0	EFE19951212-07220	1
197	0	EFE19951212-06955	1
197	0	EFE19951212-06952	1
197	0	EFE19951211-06272	1
197	0	EFE19951211-06251	1
197	0	EFE19951211-06248	1
197	0	EFE19951211-06216	1
197	0	EFE19951211-06215	1
197	0	EFE19951211-05952	1
197	0	EFE19951210-05603	1
197	0	EFE19951210-05602	1
197	0	EFE19951209-05433	1
197	0	EFE19951209-05418	1
197	0	EFE19951209-05412	1
197	0	EFE19951209-05371	1
197	0	EFE19951209-05368	1
197	0	EFE19951209-05359	1
197	0	EFE19951209-05353	1
197	0	EFE19951209-05349	1
197	0	EFE19951209-05301	1
197	0	EFE19951209-05296	1
197	0	EFE19951209-05274	1
197	0	EFE19951209-05261	1
197	0	EFE19951209-05251	1
197	0	EFE19951209-05242	1
197	0	EFE19951209-05107	1
197	0	EFE19951209-05089	1
197	0	EFE19951208-05013	1
197	0	EFE19951208-04974	1
197	0	EFE19951208-04881	1
197	0	EFE19951208-04681	1
197	0	EFE19951207-04322	1
197	0	EFE19951207-04319	1
197	0	EFE19951207-04050	1
197	0	EFE19951206-03634	1
197	0	EFE19951206-03593	1
197	0	EFE19951206-03543	1
197	0	EFE19951206-03517	1
197	0	EFE19951206-03439	1
197	0	EFE19951205-03068	1
197	0	EFE19951205-02874	1
197	0	EFE19951205-02841	1
197	0	EFE19951205-02813	1
197	0	EFE19951205-02750	1
197	0	EFE19951204-02230	1
197	0	EFE19951204-02219	1
197	0	EFE19951204-02156	1
197	0	EFE19951204-02106	1
197	0	EFE19951204-01869	1
197	0	EFE19951204-01776	1
197	0	EFE19951204-01742	1
197	0	EFE19951203-01620	1
197	0	EFE19951203-01458	1
197	0	EFE19951202-01247	1
197	0	EFE19951202-01094	1
197	0	EFE19951202-01060	1
197	0	EFE19951202-01051	1
197	0	EFE19951202-01038	1
197	0	EFE19951201-00730	1
197	0	EFE19951201-00387	1
197	0	EFE19951201-00183	1
197	0	EFE19951130-21039	1
197	0	EFE19951130-20982	1
197	0	EFE19951130-20844	1
197	0	EFE19951130-20763	1
197	0	EFE19951129-20546	1
197	0	EFE19951129-20541	1
197	0	EFE19951129-20432	1
197	0	EFE19951129-20420	1
197	0	EFE19951129-20384	1
197	0	EFE19951129-20324	1
197	0	EFE19951129-20209	1
197	0	EFE19951129-20159	1
197	0	EFE19951129-20075	1
197	0	EFE19951128-19399	1
197	0	EFE19951128-19389	1
197	0	EFE19951127-18925	1
197	0	EFE19951127-18849	1
197	0	EFE19951127-18809	1
197	0	EFE19951127-18704	1
197	0	EFE19951127-18630	1
197	0	EFE19951127-18609	1
197	0	EFE19951127-18517	1
197	0	EFE19951127-18458	1
197	0	EFE19951127-18430	1
197	0	EFE19951126-18200	1
197	0	EFE19951126-18192	1
197	0	EFE19951126-18135	1
197	0	EFE19951126-18134	1
197	0	EFE19951126-18058	1
197	0	EFE19951126-18035	1
197	0	EFE19951126-18023	1
197	0	EFE19951126-17929	1
197	0	EFE19951125-17731	1
197	0	EFE19951125-17685	1
197	0	EFE19951125-17670	1
197	0	EFE19951125-17598	1
197	0	EFE19951125-17592	1
197	0	EFE19951125-17591	1
197	0	EFE19951125-17472	1
197	0	EFE19951124-17152	1
197	0	EFE19951124-17151	1
197	0	EFE19951124-17084	1
197	0	EFE19951124-17065	1
197	0	EFE19951124-16957	1
197	0	EFE19951124-16879	1
197	0	EFE19951123-16502	1
197	0	EFE19951123-16379	1
197	0	EFE19951123-16208	1
197	0	EFE19951123-16033	1
197	0	EFE19951123-15908	1
197	0	EFE19951123-15803	1
197	0	EFE19951122-15674	1
197	0	EFE19951122-15524	1
197	0	EFE19951122-15475	1
197	0	EFE19951122-15369	1
197	0	EFE19951122-15325	1
197	0	EFE19951122-15321	1
197	0	EFE19951122-15253	1
197	0	EFE19951122-15014	1
197	0	EFE19951122-15013	1
197	0	EFE19951122-14977	1
197	0	EFE19951122-14887	1
197	0	EFE19951122-14878	1
197	0	EFE19951122-14876	1
197	0	EFE19951122-14865	1
197	0	EFE19951122-14790	1
197	0	EFE19951121-14773	1
197	0	EFE19951121-14756	1
197	0	EFE19951121-14753	1
197	0	EFE19951121-14736	1
197	0	EFE19951121-14721	1
197	0	EFE19951121-14712	1
197	0	EFE19951121-14703	1
197	0	EFE19951121-14688	1
197	0	EFE19951121-14613	1
197	0	EFE19951121-14569	1
197	0	EFE19951121-14566	1
197	0	EFE19951121-14556	1
197	0	EFE19951121-14545	1
197	0	EFE19951121-14478	1
197	0	EFE19951121-14457	1
197	0	EFE19951121-14448	1
197	0	EFE19951121-14396	1
197	0	EFE19951121-14278	1
197	0	EFE19951121-14270	1
197	0	EFE19951121-14124	1
197	0	EFE19951121-14071	1
197	0	EFE19951121-14042	1
197	0	EFE19951121-13940	1
197	0	EFE19951120-13915	1
197	0	EFE19951120-13903	1
197	0	EFE19951120-13682	1
197	0	EFE19951120-13500	1
197	0	EFE19951120-13238	1
197	0	EFE19951120-13237	1
197	0	EFE19951120-13208	1
197	0	EFE19951120-13202	1
197	0	EFE19951119-12928	1
197	0	EFE19951119-12759	1
197	0	EFE19951119-12710	1
197	0	EFE19951118-12582	1
197	0	EFE19951118-12522	1
197	0	EFE19951118-12397	1
197	0	EFE19951118-12384	1
197	0	EFE19951118-12311	1
197	0	EFE19951117-12091	1
197	0	EFE19951117-11804	1
197	0	EFE19951117-11645	1
197	0	EFE19951116-11318	1
197	0	EFE19951116-10804	1
197	0	EFE19951115-10136	1
197	0	EFE19951114-08878	1
197	0	EFE19951113-08337	1
197	0	EFE19951113-08333	1
197	0	EFE19951112-07581	1
197	0	EFE19951111-07155	1
197	0	EFE19951111-07044	1
197	0	EFE19951110-06504	1
197	0	EFE19951110-06190	1
197	0	EFE19951108-05065	1
197	0	EFE19951108-04655	1
197	0	EFE19951107-03811	1
197	0	EFE19951105-02778	1
197	0	EFE19951104-02207	1
197	0	EFE19951103-01660	1
197	0	EFE19951103-01356	1
197	0	EFE19951103-01326	1
197	0	EFE19951102-01154	1
197	0	EFE19951101-00404	1
197	0	EFE19951101-00361	1
197	0	EFE19951101-00146	1
197	0	EFE19951031-20682	1
197	0	EFE19951031-20570	1
197	0	EFE19951031-20524	1
197	0	EFE19951029-19519	1
197	0	EFE19951027-18587	1
197	0	EFE19951027-18562	1
197	0	EFE19951024-15578	1
197	0	EFE19951024-15565	1
197	0	EFE19951018-12167	1
198	0	EFE19950328-19529	1
198	0	EFE19950328-19464	1
198	0	EFE19950328-19460	1
198	0	EFE19950328-19459	1
198	0	EFE19950328-19448	1
198	0	EFE19950325-17836	1
198	0	EFE19950321-14897	1
198	0	EFE19950308-05279	1
199	0	EFE19951208-04866	1
199	0	EFE19951104-02320	1
199	0	EFE19951103-01697	1
199	0	EFE19951018-12179	1
199	0	EFE19950705-02264	1
199	0	EFE19950617-11225	1
199	0	EFE19950613-08508	1
199	0	EFE19950601-00363	1
199	0	EFE19950531-20700	1
199	0	EFE19950526-17612	1
199	0	EFE19950526-17339	1
199	0	EFE19950524-15826	1
199	0	EFE19950523-15617	1
199	0	EFE19950523-15320	1
199	0	EFE19950523-15241	1
199	0	EFE19950523-14942	1
199	0	EFE19950522-14710	1
199	0	EFE19950522-14551	1
199	0	EFE19950521-13940	1
199	0	EFE19950521-13920	1
199	0	EFE19950521-13902	1
199	0	EFE19950520-13443	1
199	0	EFE19950520-13231	1
199	0	EFE19950519-13198	1
199	0	EFE19950519-13019	1
199	0	EFE19950519-13002	1
199	0	EFE19950519-12898	1
199	0	EFE19950519-12731	1
199	0	EFE19950519-12678	1
199	0	EFE19950519-12580	1
199	0	EFE19950519-12522	1
199	0	EFE19950518-12233	1
199	0	EFE19950518-12166	1
199	0	EFE19950518-12092	1
199	0	EFE19950518-12008	1
199	0	EFE19950518-11740	1
199	0	EFE19950518-11734	1
199	0	EFE19950518-11656	1
199	0	EFE19950517-11642	1
199	0	EFE19950517-11615	1
199	0	EFE19950517-11489	1
199	0	EFE19950517-11395	1
199	0	EFE19950517-11052	1
199	0	EFE19950517-10877	1
199	0	EFE19950516-10809	1
199	0	EFE19950516-10808	1
199	0	EFE19950516-10592	1
199	0	EFE19950516-10243	1
199	0	EFE19950516-10167	1
199	0	EFE19950516-10096	1
199	0	EFE19950516-10074	1
199	0	EFE19950516-10028	1
199	0	EFE19950515-09843	1
199	0	EFE19950515-09704	1
199	0	EFE19950515-09551	1
199	0	EFE19950515-09284	1
199	0	EFE19950515-09268	1
199	0	EFE19950514-09023	1
199	0	EFE19950514-08993	1
199	0	EFE19950514-08900	1
199	0	EFE19950513-08465	1
199	0	EFE19950512-08211	1
199	0	EFE19950512-08190	1
199	0	EFE19950512-08158	1
199	0	EFE19950512-08113	1
199	0	EFE19950512-08012	1
199	0	EFE19950512-08011	1
199	0	EFE19950512-08004	1
199	0	EFE19950512-07939	1
199	0	EFE19950512-07831	1
199	0	EFE19950512-07779	1
199	0	EFE19950512-07707	1
199	0	EFE19950512-07694	1
199	0	EFE19950512-07637	1
199	0	EFE19950512-07619	1
199	0	EFE19950511-07416	1
199	0	EFE19950511-07267	1
199	0	EFE19950511-07182	1
199	0	EFE19950511-06990	1
199	0	EFE19950511-06943	1
199	0	EFE19950511-06877	1
199	0	EFE19950510-06469	1
199	0	EFE19950510-06437	1
199	0	EFE19950510-06349	1
199	0	EFE19950510-06201	1
200	0	EFE19951207-03868	1
200	0	EFE19950213-08174	1
200	0	EFE19950210-06757	1
200	0	EFE19950206-03540	1
200	0	EFE19950205-02988	1
200	0	EFE19950205-02806	1
200	0	EFE19950204-02549	1
200	0	EFE19950204-02400	1
200	0	EFE19950203-02073	1
200	0	EFE19950203-01908	1
200	0	EFE19950203-01691	1
200	0	EFE19950203-01540	1
200	0	EFE19950202-01481	1
200	0	EFE19950202-01453	1
200	0	EFE19950202-01071	1
200	0	EFE19950202-01061	1
200	0	EFE19950202-01059	1
200	0	EFE19950202-00991	1
200	0	EFE19950202-00822	1
200	0	EFE19950202-00766	1
200	0	EFE19950201-00664	1
200	0	EFE19950201-00631	1
200	0	EFE19950201-00573	1
200	0	EFE19950201-00522	1
200	0	EFE19950201-00436	1
200	0	EFE19950201-00359	1
200	0	EFE19950201-00257	1
200	0	EFE19950201-00104	1
200	0	EFE19950201-00096	1
200	0	EFE19950131-18474	1
200	0	EFE19950131-18347	1
200	0	EFE19950131-18243	1
200	0	EFE19950131-18172	1
200	0	EFE19950131-18062	1
200	0	EFE19950130-17548	1
200	0	EFE19950130-17313	1
200	0	EFE19950129-16972	1
200	0	EFE19950129-16852	1
200	0	EFE19950128-16525	1
200	0	EFE19950128-16299	1
200	0	EFE19950127-15524	1
200	0	EFE19950126-15321	1
200	0	EFE19950126-15319	1
200	0	EFE19950126-15250	1
200	0	EFE19950126-15171	1
200	0	EFE19950126-14774	1
200	0	EFE19950123-12441	1
